 0000 0000 0100 0000 0000 0000 0000 0000 0000 0000 0000 0000 0000 0000 0000 0000
 0000 0000 0000 0000 0000 0000 0000 0000 0000 0000 0000 0000 0000 0000 0000 0000
 0000 0000 0000 0000 0000 0000 0000 0000 0000 0000 0000 0000 0000 0000 0000 0000
 0000 0000 0100 0000 0000 0000 0000 0000 0000 0000 0000 0000 0000 0000 0000 0000
 0000 0000 0100 0000 0000 0000 0000 0000 0000 0000 0000 0000 0000 0000 0000 0000

 0000 0000 0000 0000 0000 0000 0000 0000 0000 0000 0000 0000 0000 0000 0000 0000
 0000 0000 0200 0000 0000 0000 0000 0000 0000 0000 0000 0000 0000 0000 0000 0000
 0000 0000 0200 0000 0000 0000 0000 0000 0000 0000 0000 0000 0000 0000 0000 0000
 0000 0000 0200 0000 0000 0000 0000 0000 0000 0000 0000 0000 0000 0000 0000 0000
 0000 0000 0000 0000 0000 0000 0000 0000 0000 0000 0000 0000 0000 0000 0000 0000

 0000 0000 0000 0000 0000 0000 0000 0000 0000 0000 0000 0000 0000 0000 0000 0000
 0000 0020 0200 0000 0000 0000 0000 0000 0000 0000 0000 0000 2000 0000 0000 0000
 0000 0000 0220 0002 0000 0000 0000 0000 0000 0000 0000 0000 0000 0000 0000 0000
 0000 0000 0200 0000 0002 0000 0020 0000 0000 0000 0000 0000 0000 0000 0000 0000
 0000 0000 0000 0000 0000 0000 0000 0000 0000 0000 0000 0000 0000 0000 0000 0000

 0000 0020 0220 0002 0002 0000 0020 0000 0000 0000 0000 0000 2000 0000 0000 0000
 0000 0020 0220 0002 0002 0000 0020 0000 0000 0000 0000 0000 2000 0000 0000 0000
 0000 0020 0220 0002 0002 0000 0020 0000 0000 0000 0000 0000 2000 0000 0000 0000
 0000 0020 0220 0002 0002 0000 0020 0000 0000 0000 0000 0000 2000 0000 0000 0000
 0000 0020 0200 0000 0002 0000 0020 0000 0000 0000 0000 0000 2000 0000 0000 0000

 0002 0020 0220 2002 0002 0000 0220 2200 0020 0220 0002 0202 2000 0020 0000 0000
 0202 0022 0220 2002 2002 0002 0020 0000 0000 0000 0000 0200 2200 0020 0020 0000
 0000 0022 0222 2002 2002 2200 0222 0000 2000 0000 0000 0000 2200 0020 0000 0000
 0200 0020 0220 0002 2002 2002 0222 0200 2000 2000 0002 0000 2000 0000 0020 0000
 0002 0020 0200 0200 2002 0000 0220 0000 0200 0000 0000 0002 2020 0002 0000 2000

 0202 0022 0222 2202 2002 2202 0222 2200 2220 2220 0002 0202 2220 0022 0020 2000
 0202 0022 0222 2202 2002 2202 0222 2200 2220 2220 0002 0202 2220 0022 0020 2000
 0202 0022 0222 2202 2002 2202 0222 0200 2200 2000 0002 0202 2220 0022 0020 2000
 0202 0022 0222 2202 2002 2202 0222 2200 2220 2220 0002 0202 2220 0022 0020 2000
 0202 0022 0220 2202 2002 2002 0222 2200 2220 2220 0002 0202 2220 0022 0020 2000

 2222 2222 0222 2222 2022 2222 2222 2222 2222 2222 2222 2222 2222 2222 2220 2220
 2222 2022 2222 2202 2222 2222 2222 2222 2222 2220 2022 2222 2222 2022 0222 2020
 2222 2022 2222 2222 2222 2222 2222 2222 2222 2222 0022 2222 2222 0222 2022 2200
 2222 2022 2222 2202 2222 2222 2222 2222 2222 2222 2022 2222 2222 0222 0222 2020
 2222 2222 2222 2222 2202 2022 2222 2222 2222 2222 2222 2202 2222 2222 2220 2220

 2222 2222 2222 2222 2222 2222 2222 2222 2222 2222 2222 2222 2222 2222 2222 2220
 2222 2222 2222 2222 2222 2222 2222 2222 2222 2222 2222 2222 2222 2222 2222 2220
 2222 2222 2222 2222 2222 2222 2222 2222 2222 2222 2222 2222 2222 2222 2222 2220
 2222 2222 2222 2222 2222 2222 2222 2222 2222 2222 2222 2222 2222 2222 2222 2220
 2222 2222 2222 2222 2222 2222 2222 2222 2222 2222 2222 2222 2222 2222 2222 2220



 2222 2222 2222 2222 2222 2222 2222 2222 2222 2222 2222 2222 2222 2222 2222 2222
 2222 2222 2222 2222 2222 2222 2222 2222 2222 2222 2222 2222 2222 2222 2222 2221
 2222 2222 2222 2222 2222 2222 2222 2222 2222 2222 2222 2222 2222 2222 2222 2222
 2222 2222 2222 2222 2222 2222 2222 2222 2222 2222 2222 2222 2222 2222 2222 2222
 2222 2222 2222 2222 2222 2222 2222 2222 2222 2222 2222 2222 2222 2222 2222 2222

 2222 2222 2222 2220 2222 2222 2222 2222 2222 2222 2222 2222 2022 2222 2222 2222
 2211 2212 1112 1220 1211 1222 1222 1222 2111 1211 1212 1221 2012 1221 2221 1111
 2222 2222 2222 2220 2222 2222 2222 2222 2222 2222 2222 2222 2022 2222 2222 2222
 2222 2222 2222 2220 2222 2222 2222 2222 2222 2222 2222 2222 2022 2222 2222 2222
 2222 2222 2222 2220 2222 2222 2222 2222 2222 2222 2222 2222 2022 2222 2222 2222

 2200 2202 0002 0220 0200 0222 0222 0222 2000 0200 0202 0220 2002 0220 2220 0000
 2211 2212 1112 1220 1211 1222 1222 1222 2111 1211 1212 1221 2012 1221 2221 1111
 2200 2202 0002 0220 0200 0222 0222 0222 2000 0200 0202 0220 2002 0220 2220 0000
 2200 2202 0002 0220 0200 0222 0222 0222 2000 0200 0202 0220 2002 0220 2220 0000
 2200 2202 0002 0220 0200 0222 0222 0222 2000 0200 0202 0220 2002 0220 2220 0000



