00000000 00000000 00000000 00000000 00000000 10000000 00000000 00000000
00000000 00000000 00000000 00000000 22222220 10000000 00000000 00000000

1
 00000000 00000000 00000000 22222221 10000000 00000000 00000000 00000000
 00000000 00000000 22222222 22222221 10000000 00000000 00000000 00000000

2
 00000000 22222222 22222221 10000000 00000000 00000000 00000000 00000000
 22222222 22222222 22222221 10000000 00000000 00000000 00000000 00000000

3
 22222222 22222221 10000000 00000000 00000000 00000000 00000000 22222222
 22222222 22222221 10000000 00000000 00000000 00000000 22222222 22222222

4
 22222221 10000000 00000000 00000000 00000000 22222222 22222222 22222222
 22222221 10000000 00000000 00000000 22222222 22222222 22222222 22222222

5
 10000000 00000000 00000000 22222222 22222222 22222222 22222222 22222220